0 27 0.28
0 3 0.15
0 2 2
1 36 1
1 23 1
1 3 0.76
2 0 2
2 27 1
2 26 1
3 0 0.15
3 1 0.76
4 24 0.55
4 32 0.66
4 18 0.14
5 8 0.01
5 34 1
5 11 0.72
5 29 0.76
5 30 0.85
6 10 2
6 25 1
6 30 1
7 34 0.45
7 28 0.94
7 13 2
8 5 0.01
8 34 0.76
8 30 1
9 11 0.5
9 18 1
9 29 1
10 17 1
10 31 1
10 37 0.7
10 6 2
11 9 0.5
11 18 1
11 5 0.72
11 34 0.47
12 33 0.40
12 16 1
12 20 2
13 22 1
13 21 0.83
13 28 1
13 7 2
14 20 0.52
14 33 0.95
14 32 2
15 33 0.47
15 19 1
16 38 0.54
16 12 1
17 10 1
18 4 0.14
18 32 0.34
18 9 1
18 11 1
18 23 1
19 15 1
19 26 0.72
20 21 0.23
20 28 2
20 32 2
20 14 0.52
20 12 2
21 20 0.23
21 35 0.57
21 22 1
22 21 1
22 35 0.95
22 13 1
23 36 2
23 1 1
23 18 1
24 32 0.56
24 39 0.3
24 4 0.55
25 6 1
25 30 1
26 19 0.72
26 2 1
27 39 0.47
27 0 0.28
27 2 1
28 20 2
28 32 1
28 34 0.47
28 7 0.94
28 13 1
29 31 1
29 5 0.76
29 9 1
29 37 0.77
30 25 1
30 5 0.85
30 37 1
30 8 1
30 6 1
31 36 2
31 29 1
31 37 1
31 10 1
32 24 0.56
32 4 0.66
32 18 0.34
32 34 1
32 28 1
32 20 2
32 14 2
33 15 0.47
33 12 0.40
33 14 0.95
34 8 0.76
34 5 1
34 11 0.47
34 32 1
34 28 0.47
34 7 0.45
35 21 0.57
35 22 0.95
36 31 2
36 1 1
36 23 2
37 10 0.7
37 31 1
37 29 0.77
37 30 1
38 16 0.54
39 27 0.47
39 24 0.3
