0 14 .28
0 1 1
1 20 1
1 0 1
2 4 .01
2 18 1
2 6 .72
2 15 .85
3 15 1
4 18 .76
4 2 .01
4 15 1
5 6 .5
5 9 1
5 20 2
5 21 1
6 5 .5
6 9 1
6 2 .72
6 18 .36
7 17 .32
7 22 1
8 21 1
9 16 .34
9 5 1
9 6 1
9 13 .47
10 14 1
10 17 1
11 16 2
11 7 2
11 19 1
11 17 1
12 19 2
13 16 .56
13 14 .66
13 9 .47
14 0 .28
14 13 .66
14 10 1
15 3 1
15 21 1
15 2 .85
15 4 1
16 13 .57
16 9 .34
16 18 1
16 11 2
16 17 2
17 7 .32
17 10 1
17 16 2
17 11 1
18 16 1
18 4 .76
18 2 1
18 6 .38
19 12 .95
20 1 1
20 5 2
21 5 1
21 8 1
21 15 1
22 7 1
